[loop]
start=0.000000
end=41.211014
