[loop]
start=0.000000
end=40.000008

[settings]
gain=1.50
