[loop]
start=0.000000
end=33.610031
