[loop]
start=0.000000
end=65.535011
