[loop]
start=0.000000
end=40.074966

[settings]
gain=1.50
