[loop]
start=0.000000
end=88.059898
