[loop]
start=0.000000
end=87.999931
