[loop]
start=0.000000
end=41.139053
