[loop]
start=0.000000
end=76.807983
