[loop]
start=0.000000
end=57.600006
