[loop]
start=0.000000
end=86.473015
